5.29418
4.23909
5.27168
8.08202
2.73909
3.06769
1.37061
4.92176
9.23732
9.95312
6.88511
5.24606
5.36053
2.9411
7.07454
7.61615
7.76865
2.94934
6.58269
5.73276
6.69855
9.93995
6.59654
1.37941
1.61351
3.08221
6.45468
7.81265
6.74059
3.35401
2.50413
7.80472
3.58729
4.89362
4.30772
6.27386
1.67824
8.17375
7.65725
2.76715
2.05241
3.68374
8.26457
3.91377
5.97113
3.32487
8.05546
3.18042
7.77375
1.07325
5.17205
4.50882
1.96448
8.75151
5.41461
8.1863
8.16829
2.57616
8.93831
8.90461
8.33938
1.37532
7.25056
5.89005
