(-2.61399, -1.22334, -0.149956, 2.88998 ===> 2.88998)
(-3.31937, -1.67315, -2.90486, 4.71761 ===> 4.71761)
(-2.14656, 0.497632, 0.746926, 2.32664 ===> 2.32664)
(-2.14656, 0.497632, 0.746926, 2.32664 ===> 2.32664)
(-2.14656, 0.497632, 0.746926, 2.32664 ===> 2.32664)
(-5.78049, 5.59598, -3.8887, 8.93594 ===> 8.93594)
(-5.78049, 5.59598, -3.8887, 8.93594 ===> 8.93594)
(-5.78049, 5.59598, -3.8887, 8.93594 ===> 8.93594)
(-5.18186, -2.79941, 2.85514, 6.54524 ===> 6.54524)
(-5.18186, -2.79941, 2.85514, 6.54524 ===> 6.54524)
(-5.18186, -2.79941, 2.85514, 6.54524 ===> 6.54524)
(-5.18186, -2.79941, 2.85514, 6.54524 ===> 6.54524)
(-5.18186, -2.79941, 2.85514, 6.54524 ===> 6.54524)
(-3.7016, 0.726064, -1.7404, 4.15427 ===> 4.15427)
(-3.7016, 0.726064, -1.7404, 4.15427 ===> 4.15427)
(-1.12903, 1.05335, 0.851447, 1.7633 ===> 1.7633)
(-1.12903, 1.05335, 0.851447, 1.7633 ===> 1.7633)
(-1.12903, 1.05335, 0.851447, 1.7633 ===> 1.7633)
(-7.06667, -4.07364, -1.89015, 8.37288 ===> 8.37288)
(-7.06667, -4.07364, -1.89015, 8.37288 ===> 8.37288)
(-7.06667, -4.07364, -1.89015, 8.37288 ===> 8.37288)
(-4.29212, 0.688546, 4.10935, 5.9819 ===> 5.9819)
(-4.29212, 0.688546, 4.10935, 5.9819 ===> 5.9819)
(-4.29212, 0.688546, 4.10935, 5.9819 ===> 5.9819)
(-2.66914, 2.39601, -0.17217, 3.59093 ===> 3.59093)
(-0.750587, -0.459909, -0.81588, 1.20023 ===> 1.20023)
(-0.750587, -0.459909, -0.81588, 1.20023 ===> 1.20023)
(-0.750587, -0.459909, -0.81588, 1.20023 ===> 1.20023)
(-0.750587, -0.459909, -0.81588, 1.20023 ===> 1.20023)
(-7.67726, 0.957451, 1.06386, 7.80953 ===> 7.80953)
(-7.67726, 0.957451, 1.06386, 7.80953 ===> 7.80953)
(-7.67726, 0.957451, 1.06386, 7.80953 ===> 7.80953)
(-7.67726, 0.957451, 1.06386, 7.80953 ===> 7.80953)
(-7.67726, 0.957451, 1.06386, 7.80953 ===> 7.80953)
(-3.40953, 2.94035, -3.015, 5.41856 ===> 5.41856)
(-2.44124, -1.5844, 0.83447, 3.02759 ===> 3.02759)
(-2.44124, -1.5844, 0.83447, 3.02759 ===> 3.02759)
(-2.44124, -1.5844, 0.83447, 3.02759 ===> 3.02759)
(-7.94241, 0.705973, -5.41246, 9.63717 ===> 9.63717)
(-7.94241, 0.705973, -5.41246, 9.63717 ===> 9.63717)
(-3.72546, -2.55312, -1.78205, 4.85522 ===> 4.85522)
(-1.97084, 0.10447, 1.47605, 2.46452 ===> 2.46452)
(-1.97084, 0.10447, 1.47605, 2.46452 ===> 2.46452)
(-1.97084, 0.10447, 1.47605, 2.46452 ===> 2.46452)
(-6.95424, 5.50561, -1.91342, 9.07382 ===> 9.07382)
(-4.28821, -3.09497, 4.0857, 6.68285 ===> 6.68285)
(-4.28821, -3.09497, 4.0857, 6.68285 ===> 6.68285)
(-4.28821, -3.09497, 4.0857, 6.68285 ===> 6.68285)
(-4.28053, 0.073135, -0.307108, 4.29215 ===> 4.29215)
(-1.14137, 0.863203, -1.25165, 1.90118 ===> 1.90118)
(-6.74441, -5.11369, 0.88959, 8.51048 ===> 8.51048)
(-4.56308, -0.085865, -4.07709, 6.11978 ===> 6.11978)
(-4.56308, -0.085865, -4.07709, 6.11978 ===> 6.11978)
(-4.56308, -0.085865, -4.07709, 6.11978 ===> 6.11978)
(-4.56308, -0.085865, -4.07709, 6.11978 ===> 6.11978)
(-4.56308, -0.085865, -4.07709, 6.11978 ===> 6.11978)
(-4.84678, 3.14908, 4.59528, 7.38408 ===> 7.38407)
(-4.84678, 3.14908, 4.59528, 7.38408 ===> 7.38407)
(-4.84678, 3.14908, 4.59528, 7.38408 ===> 7.38407)
(-4.84678, 3.14908, 4.59528, 7.38408 ===> 7.38407)
(-4.84678, 3.14908, 4.59528, 7.38408 ===> 7.38407)
(-4.84678, 3.14908, 4.59528, 7.38408 ===> 7.38407)
(-4.84678, 3.14908, 4.59528, 7.38408 ===> 7.38407)
(-4.84678, 3.14908, 4.59528, 7.38408 ===> 7.38407)
