(6.12115, 3.46094, -6.17964, 9.36133 ===> 9.36133)
(2.93914, 3.01839, -3.32022, 5.36405 ===> 5.36405)
(-1.76073, -2.00763, 1.36222, 2.99773 ===> 2.99773)
(-8.11846, -3.56052, 1.07527, 8.92989 ===> 8.92989)
(-4.52748, -3.6818, -2.10073, 6.20216 ===> 6.20216)
(-4.98277, -2.10355, 6.46823, 8.43155 ===> 8.43155)
(5.56931, 2.17693, 2.19143, 6.36856 ===> 6.36856)
(6.11182, 0.262399, 6.48063, 8.91189 ===> 8.91189)
(-0.829053, -1.00366, -0.388873, 1.35863 ===> 1.35863)
(-3.92554, 5.26331, 0.880679, 6.62479 ===> 6.62479)
(-2.04617, 2.65798, -3.70624, 4.99879 ===> 4.99879)
(-7.27925, -4.57008, 4.43081, 9.66981 ===> 9.66981)
(4.03191, 2.10048, -5.13925, 6.8615 ===> 6.8615)
(-4.95766, 5.68841, 1.06669, 7.62064 ===> 7.62064)
(1.68401, 1.69397, 9.48388, 9.78005 ===> 9.78005)
(0.12713, 4.2544, -4.19635, 5.97708 ===> 5.97708)
(-4.64749, -6.19535, 5.42483, 9.45571 ===> 9.45571)
(2.27061, 2.73869, 2.29862, 4.23554 ===> 4.23554)
(3.46147, 0.238474, -5.52999, 6.52835 ===> 6.52835)
(-6.32718, -3.62753, -0.345438, 7.30148 ===> 7.30148)
(3.49706, -0.723146, -1.96036, 4.07375 ===> 4.07375)
(1.36174, 2.11391, -2.27199, 3.38894 ===> 3.38894)
(-0.418861, 2.9428, -2.59929, 3.94865 ===> 3.94865)
(-0.132836, -0.786034, 0.875885, 1.18434 ===> 1.18434)
(-6.14894, 5.95775, -1.60099, 8.71019 ===> 8.71019)
(2.11369, 4.36741, 6.20757, 7.87882 ===> 7.87882)
(1.06366, -2.74549, -4.96105, 5.76898 ===> 5.76898)
(-1.92244, -2.81844, -5.50448, 6.47601 ===> 6.47601)
(0.809995, 0.560102, -0.52382, 1.11543 ===> 1.11543)
(-5.89799, -3.75545, -2.49977, 7.42554 ===> 7.42554)
(7.22233, 0.584211, -1.16042, 7.33825 ===> 7.33825)
(6.16236, -1.24344, -0.32935, 6.29518 ===> 6.29518)
(-6.38809, -5.25543, 5.49595, 9.9314 ===> 9.9314)
(-0.810261, -1.44606, -2.26163, 2.80403 ===> 2.80403)
(-2.02612, -0.398353, -1.53705, 2.57417 ===> 2.57417)
(1.79822, 6.40715, -7.44822, 9.98805 ===> 9.98805)
(1.53411, 1.02253, -0.402688, 1.88712 ===> 1.88712)
(1.12749, 5.16062, -1.34569, 5.45107 ===> 5.45107)
(-1.4777, 4.32301, 4.14329, 6.16757 ===> 6.16757)
(3.98423, 0.777157, 0.0297666, 4.05943 ===> 4.05943)
(7.86759, 0.423174, -4.73901, 9.19436 ===> 9.19436)
(-1.77175, 1.18486, 2.10179, 2.99342 ===> 2.99342)
(5.17517, 4.65973, 0.826784, 7.01278 ===> 7.01278)
(-3.21802, -5.47454, -2.80978, 6.94414 ===> 6.94414)
(6.62451, 2.78099, -6.88515, 9.95105 ===> 9.95105)
(-1.05974, -0.758883, -0.0630899, 1.30496 ===> 1.30496)
(6.41697, -3.44073, -3.10581, 7.91595 ===> 7.91595)
(1.00092, 6.75363, 3.38723, 7.62146 ===> 7.62146)
(0.107322, 2.94618, 0.13791, 2.95136 ===> 2.95136)
(-0.0643582, -0.396566, 1.75927, 1.80456 ===> 1.80456)
(1.1553, 1.93436, -0.309837, 2.2743 ===> 2.2743)
(4.45777, -4.95639, 1.51763, 6.83671 ===> 6.83671)
(3.45376, 4.32856, -4.2811, 6.99948 ===> 6.99948)
(-0.324586, -1.53623, -1.25328, 2.00899 ===> 2.00899)
(-4.90175, -5.80167, -5.4165, 9.32872 ===> 9.32872)
(0.847437, -0.594709, -3.89408, 4.02936 ===> 4.02936)
(1.64635, 2.18842, 3.15719, 4.17942 ===> 4.17942)
(-3.91674, 0.201287, 2.97512, 4.92267 ===> 4.92267)
(0.280268, 6.36786, 5.77291, 8.59969 ===> 8.59969)
(-5.07032, -1.23978, -2.23326, 5.67738 ===> 5.67738)
(1.68675, 5.35713, -6.33641, 8.46723 ===> 8.46723)
(-1.79395, -2.84538, -1.99765, 3.91217 ===> 3.91217)
(0.570689, -1.35244, -0.491665, 1.54807 ===> 1.54807)
(2.29206, -1.74056, 2.11751, 3.57309 ===> 3.57309)
